angle = 9.13066673
totLen = 878.830994
greatCircle = 846
